3 44 6077 607 10697 6520 6171 2464 5787 4758 10606 8687 4450 7218 10584 7335 2675 9472 10618 17445 17442 17438 17436 17433 5562 10666 2359 8533 10660 5300 639 10644 9028 10643 6891 10627 7134 3686 7108 2430 6828 5147 5531 2132 10673 540 
3 21 6077 5401 2243 2722 4495 2210 9392 10911 2662 9146 3167 11020 6654 11130 8368 6954 820 9055 5288 427 11339 
3 5 4495 2605 2243 10776 6077 
3 25 6077 2027 8280 4039 17363 10586 857 10557 1419 10474 2810 7853 1171 666 10374 1013 9183 10288 1402 10237 2906 3859 429 4094 10058 
3 15 10058 10026 5590 7463 4587 4564 716 6089 9740 9704 1980 6451 9671 4539 2824 
3 37 10058 3935 2436 10029 1325 9994 2226 1926 7235 9929 5107 1401 6528 6532 593 9273 75 3881 6889 9819 6573 7385 9792 1054 2137 1114 9948 2502 9250 1612 2560 10102 4500 10123 9320 192 1425 
3 15 1425 1147 114 3636 10292 10357 6428 10393 4763 4861 10444 3715 7913 10515 5089 
2 3 3636 7605 1147 
3 33 1425 1793 3948 5349 804 3980 4759 4840 2841 4283 453 9871 7126 9843 9847 3024 5322 9807 9796 9770 782 1593 4032 9719 2368 9682 3214 3426 8299 4908 9591 6092 9563 
3 11 9451 9770 6632 7431 9810 9826 2062 9870 5701 9924 7256 
3 19 9563 5256 7519 9562 6113 8829 9561 9560 7517 526 9559 9558 9557 9556 5621 9555 1210 6722 9583 
3 7 9729 5258 9678 9661 1152 9615 9583 
3 23 6369 2010 10061 9000 8340 7757 6908 7356 9919 1064 5463 4115 8569 7209 7548 2218 9785 6514 8853 3864 9731 5046 9661 
3 6 10393 7827 10421 10444 1016 10515 
3 12 5089 4134 6943 10553 2525 6380 7631 7380 10604 2325 10625 540 
3 5 10421 5843 10456 6475 4134 
3 27 2132 10705 8552 6928 10767 9330 8973 10848 6980 485 291 2797 8183 1148 11057 11074 11107 8466 1362 3540 8653 11257 7668 5711 11357 4019 11398 
3 58 6623 6230 9755 3403 7355 9434 4077 3046 579 3557 9247 3300 7315 3758 1216 3918 3936 2184 9410 21 3299 10021 1890 10039 10056 9077 8156 6369 2706 9136 2339 10150 9518 3863 9500 10218 1500 10239 5840 10270 8089 10293 7942 10318 9084 5459 10385 7502 901 10419 10445 6384 8227 7410 10502 6568 8918 6375 
3 26 3557 8087 5900 9829 4670 1315 9499 9833 9413 8817 9811 576 9809 9816 8695 9798 7658 2914 6088 7890 9823 9793 2805 764 4787 9729 
3 8 9755 5375 6458 1534 6958 371 9595 9575 
3 44 6375 3410 10585 7006 1752 7884 10620 10630 10654 3574 10662 10685 4102 10725 7042 10734 10730 3498 10736 3330 10740 10753 10771 10761 6043 1757 8437 10807 2966 10836 8777 6076 7402 10847 8944 3727 10860 8106 10873 8190 10900 3914 3256 8925 
3 10 8925 3502 10924 9539 10955 10977 5081 11017 8090 11038 
3 26 11038 11052 7594 11077 8041 6813 11146 4043 11165 7566 11196 7787 8296 6383 11246 6066 11271 11285 3034 5254 5335 5365 11372 1720 11393 9233 
3 8 11372 11347 5335 11325 7171 6941 11262 6383 
3 10 11038 11030 3706 11050 11061 9311 11082 9125 5724 11102 
3 13 7566 7698 11170 11178 5353 7407 8972 8572 36 9070 11145 3037 11102 
3 26 11102 2589 8444 3160 9169 11085 4711 8108 3103 11086 4723 11106 6604 11121 7272 3915 797 8701 11167 11174 2781 11202 5838 1205 11204 11186 
3 2 11275 7668 
3 2 7664 1359 
3 18 11186 8256 3623 44 6130 7620 6666 1359 3553 11194 1673 8015 471 2476 8218 5632 8404 8653 
3 13 5838 3107 11253 5487 11304 11306 8920 3282 6824 11377 8115 11397 11407 
3 16 11377 1740 6455 6827 2028 8787 6693 11441 11458 7488 428 11498 6245 9227 11536 5045 
3 10 11257 3912 7529 11321 11336 2289 2153 3713 1100 11398 
3 17 11357 11353 4518 2289 5270 11362 711 5430 9393 3404 11381 6522 6099 11351 3660 3543 4457 
3 22 4457 890 8759 4708 2612 8514 1407 11473 3799 2897 4782 6597 2768 4056 3152 7833 11712 6768 5444 11808 6084 6741 
3 9 11339 7260 8294 11400 3191 9522 3776 4034 2429 
3 13 12081 1919 12089 9464 177 4490 11908 6135 1903 11934 11963 12011 3872 
3 21 12081 3872 12093 8670 7710 11991 1723 11914 4010 9466 9033 3295 11749 2983 11699 11650 4834 5153 2439 11543 2429 
3 38 7710 12040 3217 12022 7273 5035 5923 3663 1879 8830 12036 2144 11990 2788 2324 11936 4630 11953 2239 7250 11932 5316 4890 11877 7233 2143 11851 11837 2079 11780 11793 3497 1458 6649 6738 2579 1893 11808 
3 10 7710 8506 3284 12177 9494 7544 6814 6243 4416 5886 
3 40 5886 477 6781 5067 12332 5654 908 5771 12338 4593 12304 12284 7387 12236 6257 918 4989 7425 4097 8794 12108 9111 1539 12132 7154 9391 8641 12033 6139 5921 2156 11982 11950 1619 3704 7226 624 11890 7367 6741 
3 6 3713 11408 11420 11448 6009 9099 
3 7 11398 7214 11435 2459 11470 5188 1762 
3 12 11398 6449 11403 7961 5104 7203 2276 11399 7950 8930 7571 7834 
3 9 5382 11551 1722 3433 6760 4057 3740 4298 9012 
3 9 5382 15 5883 11481 4863 5265 5954 11476 11470 
3 34 5045 11544 9128 4801 8209 11611 11643 6578 2116 5312 11772 7378 11830 8881 1070 6480 11987 6560 4519 12115 12166 1424 12247 12285 12326 8152 6715 8545 12320 6482 12252 4737 12249 5250 
3 3 2116 3953 1599 
3 12 1762 3945 8650 8176 3210 1892 11638 1423 5862 11717 2367 9012 
3 11 2116 5629 11710 2316 7187 5751 5139 4516 7817 11697 9012 
3 35 1257 6640 12250 132 12313 4874 12288 12292 12246 12213 12174 8736 4887 12084 8899 11996 7611 9052 11924 7036 8163 7731 5730 11938 3648 11969 12010 12005 8714 8689 12111 8865 5136 12187 6105 
3 12 8163 5447 2887 7054 11711 11668 3120 11603 788 11550 8369 3945 
3 7 11717 11744 8789 11801 1045 7589 8163 
3 16 4516 11728 11766 5206 6534 7551 11889 5505 11983 7426 7225 8727 12227 12272 12320 3683 
3 11 9052 1948 8726 4473 11994 12012 8779 4029 2253 5250 9526 
3 6 2253 9253 5607 2140 9526 4737 
3 9 12292 3178 12376 3511 12475 8424 12553 6028 6635 
3 16 6635 12610 7559 6407 7498 12616 6115 3062 9340 972 2241 1243 6330 7293 12361 2140 
3 32 9340 3478 9078 7180 6739 3343 9215 12902 12918 12932 5164 12990 13018 13038 13056 8825 5642 4048 6309 8482 6819 6575 13213 2693 9101 13227 6322 13252 7012 5935 8124 4303 
3 11 4303 6735 8606 13289 13303 13290 13287 13277 13274 821 39 
3 44 39 13260 2942 5119 7657 8467 4380 2244 13130 7145 2076 7959 7098 8252 4421 3650 1437 9081 12849 7713 12762 12765 3389 903 4718 7939 4969 296 1772 7038 1352 1527 12420 12394 4022 8127 12402 8418 6262 5247 12497 7207 12366 12338 
3 19 6105 1257 5321 12260 12235 9176 4907 8250 4272 9267 12273 8441 6308 12334 5734 12348 2717 7830 6899 
3 7 6635 12626 8523 3243 8288 12682 12672 
3 28 12672 12686 6812 1845 12775 12790 12807 12819 12835 5489 12867 7057 12895 8638 12905 12872 4703 9420 12847 12832 12813 5944 12771 8062 8647 12702 12661 7372 
3 2 5996 12790 
3 15 13277 9096 13222 13209 8269 13169 6622 9277 13109 6544 13033 8708 4059 5454 12872 
3 19 13303 6417 2895 6225 2053 8657 13156 4223 13122 5731 9277 7391 3292 8933 13006 12981 12959 7983 7057 
3 40 6741 7229 11873 11872 8293 3748 1733 11869 5431 11876 2653 11875 11893 1314 11949 3489 6274 5664 7809 7319 9448 3853 5658 11716 11695 11672 7979 649 11613 5524 3661 2172 1075 984 6291 5594 11526 11510 7527 9099 
3 4 11893 4027 437 5664 
3 6 11526 6677 5756 11556 4647 1075 
3 37 9528 13424 3203 8126 4172 13363 5044 4152 5631 3847 9459 9264 4049 13164 5398 6766 8963 8432 6775 12891 2077 1387 12795 12798 6270 12731 5697 6481 1714 4367 5307 9197 7880 3967 12398 7309 477 
3 18 6899 12335 12342 7100 4250 4342 12517 2828 12588 7372 1712 9416 9364 3798 12446 12418 12392 7830 
3 13 12849 7041 12804 7090 3118 12778 8386 2442 12749 4083 12707 2977 7372 
